INDEX uorum.

37, 2. 45, 38,1, 39,6, 40, 28,
41,5,42,1.4,43,1.2.3, 441,
45,1, 46,1.4, 47, 1. 4. 56, 48,
34, 49,3, 50,2.3.4, 53,3.4,
1716,7,729,3,55,2,7112,2.
II. Aristius VH42,5; 43,1.
[Armorieus u. Aremorieua]
O. Arpiu(e)ius 727, 1, 28,1.
[Arudes a. Harudes]
4179161131, 3.4,45,2, 7Π3,3,
5,5.7,7,1.5,8,2(543).4.5,9,5;
· 34,2,37’,1,38,5.7,64,6,66,1,
75, 2, 77,3, 89,5, 90, 23, VIII
46,4, - 7Π4,1, 76,3, 83,6,
88,4, 7Π144,3.
(Asedullus 71188, 4.)
Q. Atius Varus 71Π 28, 2. -
Atrebates 114, 9, 16, 2, 23, 1,
17 21, 7,746, 3, 7Π75, 3, VIII
7,4, 47,2, - 17 27,2, 35,1,
722,3, 716, 4, 711 76,3, VIII
6,2, 7,5, 21,1, 47,1,
Q. Atrius 79,1, 10, 2.
Atuatuca 7132, 3. 4, 35, 8. 10.
Atuatuci H 4, 9, 16,4; 29,1.4,
· 31,4, 7242613), 38,1. 2, 39,
3, 56,1, 7123, 33, 2.
Aulerci 1134, ΠΙ 29, 3, 71146,
7111 7, 4, - 7Π57,3, Aulerci
BrannovIeesVII 75, 2, - Aulerci
Cenoma(u)niVIl 75, 3, - Aulerci
Eburovices III 17, 3, VH 75, 3.
L. Aurunculeius Cotta II 11, 3,
1722, 5, 38,3, 7245, 242,
28,3, 29,7, 30,1, 343, 33,2,
358, 36, 34, 37,4, 52,4, 71
32,4, 37,8.
Ausci 11127, 1.
Avaricensis 7Π 47, 7.

Avaricum VH 13, 3, 15,3, 16, g
1.2, 18,1, 2144, 3442, 31, 34,

, 32, 1; rau 52, 2.
axana 115, 4, e, 3.

Bacenis silva 7110, 5.

Baculus u. Sextius.

(L. Comeliusrssalbus VIII praef. 1.

Baleares 117, 1.

7. Balventius 735, 6.

Basil[i]us u. Minucius,

Batavi IV 10, 1.

Belgae 11, 1. 2. 3. 5. 63 111,1,
2, 3. 6, 3, 1. 2. 4, 4, 1. 4, 5, 4,
6,1.2, 14,1.6, 15,1.5, 17,2,
19,1, 1117, 1, 11,2, 17 38,4,
7243, 7Π16,2, 38,1, 54, 5.

Belgium V 12, 2, (24, 3,) 25,4,
VIII 46, 4. 6, 49,1, 544.

Bellovaci [Bellovagi] Π4,5, 5,3,
10,5, 13, 1, 1425, 7243,
46, 1, 71159, 2. 5, 75, 35, 945,
VIII 6, 2, 7, 1. 346, 12, 1, 141,
15,4,16,2,17,1, 20,2, 21,3.
4, 22,1, 23,1, 38,1, - VIII
6, 2.

aurearoma](bu);v1155,4.6;
63,5, 9148, 7ΠΙ2,1, 41.

Bibrax 116,1.

Βί6τόο1721, 1.

Bigerriunes Π127, 1.

Bituriges118‚6;v115‚1.2.3.4.

5.7,8,5,9,6,11,9,12,2,13, .

3, 15,1.4, 21, 3, 29,4, 75,3,
9446, 71112, 1.2, 3, 3. 5, 42,
11,1.

[Blannovii 71175, 2.]

Boduognatus Π23, 4.

[Boia 711145] '-

Boiu) 15, 4, 25, 6, 28,5, 29,2,
7119,6, 10, 3.,4, 17, 23, 75, 3.

Braunovices a. Aulerci.

Bratuspantium II 13, 2.

Brit(t)an(n)i IV 21, 5, 711,8. 9,
142, 21,3.

Brit(t)an(n)ia114,7;14,4;1H8‚1;
9, 19, 17 20,1, 21,31, 22,2, 23,
2, 27,2, 28,1.2, 3Ο,1.2, 341,

 

